    clusters_total filtered_by_depth filtered_by_maxH filtered_by_maxN reads_consens nsites nhetero heterozygosity
A03          56187             55933               81               15           158  33822    1123        0.03320
B03          50575             50397               47               11           120  25326     942        0.03719
C03          56387             56140               66               16           165  39337     866        0.02201
D03          40187             40070               27               10            80  16992     595        0.03502
E02          49944             49797               34               13           100  20631     864        0.04188
E03          46207             46067               40               11            89  18519     683        0.03688
F02          43783             43652               35               15            81  16871     662        0.03924
F03          50828             50640               47               11           130  27450     988        0.03599
G02          48184             48026               40               14           104  22451     801        0.03568
G03          40800             40681               25               10            84  17473     606        0.03468
H02          44960             44820               38               12            90  18478     733        0.03967
H03          55251             55033               51               23           144  29334    1201        0.04094