beta  ances 
0.336 0.595
0.324 0.594
0.332 0.596
0.327 0.589
0.335 0.581
0.331 0.583
0.329 0.583
0.328 0.583
0.325 0.583
0.325 0.585
0.325 0.586
0.325 0.587
0.325 0.587
0.324 0.587
0.326 0.587
0.325 0.588
0.325 0.588
0.326 0.588
0.325 0.587
0.325 0.587
0.325 0.586
0.324 0.586
0.324 0.586
0.325 0.586
0.326 0.586
0.326 0.586
0.326 0.586
0.326 0.586
0.326 0.586
0.326 0.586
0.326 0.586
0.326 0.585
0.327 0.585
0.327 0.585
0.326 0.584
0.326 0.584
0.326 0.584
0.326 0.584
0.326 0.584
0.326 0.584
0.326 0.584
0.326 0.583
0.325 0.583
0.325 0.583
0.325 0.583
0.325 0.583
0.326 0.583
0.325 0.583
0.326 0.583
