    prob  log10(PO)   qval  alpha  fst
1  0.0868174 -1.02195 0.90862 -0.013514 0.22157 
2  0.087818 -1.0165 0.90777 -0.028244 0.21964 
3  0.088818 -1.0111 0.90699 -0.031103 0.21900 
4  0.086817 -1.0220 0.90862 -0.0012054 0.22348 
5  0.098220 -0.96290 0.89828 0.019835 0.22733 
6  0.087818 -1.0165 0.90777 -0.013515 0.22169 
7  0.087017 -1.0209 0.90831 -0.011501 0.22187 
8  0.084817 -1.0330 0.90930 -0.0073862 0.22234 
9  0.083417 -1.0409 0.90982 -0.0097344 0.22203 
10  0.092018 -0.99420 0.90480 -0.012078 0.22200 
11  0.092819 -0.99006 0.90420 -0.0056931 0.22254 
12  0.089218 -1.0090 0.90679 -0.017628 0.22098 
13  0.089218 -1.0090 0.90679 -0.011900 0.22208 
14  0.076815 -1.0798 0.91109 -0.016539 0.22096 
15  0.081616 -1.0512 0.91040 -0.016790 0.22063 
16  0.091818 -0.99524 0.90528 -0.018144 0.22093 
17  0.091018 -0.99943 0.90589 -0.015135 0.22194 
18  0.089418 -1.0079 0.90637 -0.021796 0.22018 
19  0.084617 -1.0341 0.90947 -0.033202 0.21896 
20  0.082216 -1.0478 0.91020 -0.027106 0.21959 
21  0.093619 -0.98595 0.90307 -0.025271 0.21988 
22  0.091218 -0.99838 0.90569 -0.022872 0.22026 
23  0.089618 -1.0068 0.90614 -0.026058 0.21981 
24  0.095819 -0.97480 0.90073 -0.021214 0.22072 
25  0.091818 -0.99524 0.90528 -0.0082307 0.22247 
26  0.10522 -0.92961 0.89478 0.055890 0.23299 
27  0.080416 -1.0582 0.91081 -0.022942 0.21964 
28  0.081216 -1.0536 0.91060 -0.013734 0.22116 
29  0.093219 -0.98800 0.90387 -0.0021658 0.22348 
30  0.091618 -0.99629 0.90549 0.0079799 0.22495 
31  0.084217 -1.0364 0.90964 0.0066051 0.22447 
32  0.086017 -1.0264 0.90879 -0.0028463 0.22281 
33  0.094219 -0.98289 0.90174 0.0084344 0.22510 
34  0.088218 -1.0143 0.90720 0.0064891 0.22454 
35  0.085217 -1.0308 0.90912 0.0045301 0.22410 
36  0.088018 -1.0154 0.90740 0.0032051 0.22398 
37  0.092418 -0.99213 0.90451 0.0017939 0.22445 
38  0.083017 -1.0432 0.91000 0.0024537 0.22353 
39  0.087017 -1.0209 0.90831 0.0050263 0.22436 
40  0.087017 -1.0209 0.90831 -0.031070 0.21863 
41  0.093419 -0.98697 0.90351 0.039319 0.22980 
42  0.097820 -0.96487 0.89958 0.043442 0.23050 
43  0.085817 -1.0275 0.90895 0.046969 0.23105 
44  0.093619 -0.98595 0.90307 0.037993 0.22943 
