beta  ances 
0.370 0.406
0.371 0.409
0.372 0.410
0.377 0.416
0.372 0.415
0.374 0.416
0.371 0.415
0.369 0.416
0.369 0.415
0.369 0.414
0.369 0.413
0.369 0.413
0.370 0.414
0.370 0.412
0.370 0.411
0.370 0.411
0.369 0.412
0.369 0.413
0.369 0.413
0.369 0.412
0.368 0.412
0.368 0.412
0.368 0.411
0.368 0.412
0.367 0.412
0.367 0.412
0.367 0.411
0.367 0.411
0.367 0.411
0.367 0.411
0.366 0.411
0.366 0.411
0.366 0.412
0.366 0.411
0.366 0.412
0.366 0.411
0.367 0.411
0.367 0.411
0.367 0.411
0.367 0.411
0.366 0.411
0.367 0.411
0.367 0.411
0.366 0.411
0.366 0.411
0.366 0.411
0.366 0.411
0.366 0.411
0.366 0.411
