    prob  log10(PO)   qval  alpha  fst
1  0.0834167 -1.04092 0.908534 -0.023970 0.16941 
2  0.10202 -0.94458 0.88802 0.027850 0.17620 
3  0.093819 -0.98493 0.89945 0.015789 0.17443 
4  0.092218 -0.99316 0.90172 0.0038768 0.17290 
5  0.10622 -0.92502 0.88119 0.040640 0.17832 
6  0.086817 -1.0220 0.90690 -0.00050096 0.17254 
7  0.091018 -0.99943 0.90313 0.0051999 0.17317 
8  0.091018 -0.99943 0.90313 -0.0043362 0.17189 
9  0.085817 -1.0275 0.90737 -0.0045192 0.17160 
10  0.092619 -0.99109 0.90127 0.0012765 0.17267 
11  0.10462 -0.93239 0.88398 0.057035 0.18084 
12  0.094619 -0.98085 0.89844 0.020904 0.17544 
13  0.097219 -0.96783 0.89459 0.022734 0.17576 
14  0.10342 -0.93798 0.88579 0.021477 0.17570 
15  0.092619 -0.99109 0.90127 0.029085 0.17647 
16  0.096819 -0.96981 0.89532 0.021451 0.17574 
17  0.092418 -0.99213 0.90153 0.018050 0.17500 
18  0.092819 -0.99006 0.90081 -0.0074824 0.17154 
19  0.089218 -1.0090 0.90491 -0.015942 0.17036 
20  0.085617 -1.0286 0.90748 -0.015252 0.17033 
21  0.093819 -0.98493 0.89945 -0.015260 0.17052 
22  0.084817 -1.0330 0.90797 0.0025244 0.17243 
23  0.088418 -1.0133 0.90563 -0.013442 0.17071 
24  0.082617 -1.0455 0.90872 -0.0018210 0.17164 
25  0.091018 -0.99943 0.90313 -0.030257 0.16840 
26  0.090218 -1.0036 0.90400 -0.00057765 0.17225 
27  0.088818 -1.0111 0.90531 -0.028973 0.16866 
28  0.093219 -0.98800 0.90023 0.00075114 0.17259 
29  0.088018 -1.0154 0.90602 0.0054027 0.17291 
30  0.088618 -1.0122 0.90540 -0.0014662 0.17209 
31  0.093419 -0.98697 0.89997 -0.024209 0.16931 
32  0.088618 -1.0122 0.90540 -0.024415 0.16926 
33  0.089218 -1.0090 0.90491 0.0031674 0.17270 
34  0.095819 -0.97480 0.89670 0.030262 0.17618 
35  0.094819 -0.97984 0.89824 0.033585 0.17703 
36  0.092819 -0.99006 0.90081 0.023639 0.17526 
37  0.087017 -1.0209 0.90671 0.0015945 0.17260 
38  0.094219 -0.98289 0.89897 0.0076653 0.17351 
39  0.086017 -1.0264 0.90724 -0.0045142 0.17165 
40  0.084017 -1.0375 0.90833 0.0025931 0.17205 
41  0.085617 -1.0286 0.90748 0.0031417 0.17272 
42  0.099220 -0.95802 0.89157 0.024904 0.17624 
43  0.092619 -0.99109 0.90127 0.014161 0.17453 
44  0.085217 -1.0308 0.90771 0.0075050 0.17321 
45  0.090418 -1.0026 0.90368 0.0014830 0.17259 
46  0.076615 -1.0811 0.90936 0.00069109 0.17219 
47  0.092819 -0.99006 0.90081 0.0039541 0.17283 
48  0.090018 -1.0047 0.90424 0.0049785 0.17305 
49  0.090418 -1.0026 0.90368 -0.0064197 0.17150 
50  0.080016 -1.0606 0.90910 -0.0083378 0.17097 
51  0.093419 -0.98697 0.89997 -0.0094272 0.17130 
52  0.091018 -0.99943 0.90313 -0.0056987 0.17154 
53  0.094219 -0.98289 0.89897 -0.018311 0.17017 
54  0.097620 -0.96585 0.89420 -0.037603 0.16821 
55  0.090618 -1.0015 0.90353 -0.0018800 0.17202 
56  0.089418 -1.0079 0.90471 -0.0040640 0.17170 
57  0.095019 -0.97883 0.89798 -0.0039629 0.17179 
58  0.082617 -1.0455 0.90872 -0.0012448 0.17198 
59  0.087017 -1.0209 0.90671 -0.0044226 0.17172 
60  0.092018 -0.99420 0.90190 -0.010036 0.17116 
61  0.078816 -1.0677 0.90927 -0.0054905 0.17128 
62  0.090618 -1.0015 0.90353 -0.0078554 0.17136 
63  0.091618 -0.99629 0.90237 -0.012386 0.17091 
64  0.095019 -0.97883 0.89798 -0.0074291 0.17146 
65  0.082617 -1.0455 0.90872 0.013853 0.17390 
66  0.082416 -1.0466 0.90883 0.012254 0.17350 
67  0.091418 -0.99733 0.90254 -0.031832 0.16811 
68  0.083217 -1.0421 0.90861 0.013757 0.17357 
69  0.082416 -1.0466 0.90883 0.0030012 0.17230 
70  0.089418 -1.0079 0.90471 0.017260 0.17469 
71  0.096419 -0.97180 0.89574 0.023975 0.17588 
72  0.086017 -1.0264 0.90724 0.0038311 0.17252 
73  0.083217 -1.0421 0.90861 0.0087538 0.17301 
74  0.088218 -1.0143 0.90581 -0.029045 0.16866 
75  0.095819 -0.97480 0.89670 -0.010242 0.17151 
76  0.090618 -1.0015 0.90353 0.0034680 0.17265 
77  0.085017 -1.0319 0.90783 -0.011059 0.17098 
78  0.092619 -0.99109 0.90127 -0.0023817 0.17212 
79  0.083417 -1.0409 0.90853 -0.0058643 0.17179 
80  0.085817 -1.0275 0.90737 -0.0060700 0.17151 
81  0.096019 -0.97380 0.89650 -0.038621 0.16797 
82  0.094419 -0.98187 0.89869 0.0068446 0.17325 
83  0.089818 -1.0058 0.90437 -0.027817 0.16879 
84  0.089818 -1.0058 0.90437 -0.0089542 0.17107 
85  0.079616 -1.0630 0.90916 -0.0083882 0.17096 
86  0.092819 -0.99006 0.90081 -0.027611 0.16919 
87  0.092819 -0.99006 0.90081 -0.037436 0.16818 
88  0.089618 -1.0068 0.90454 -0.027462 0.16914 
89  0.091818 -0.99524 0.90210 -0.035969 0.16827 
90  0.10102 -0.94934 0.88895 -0.036455 0.16835 
91  0.091018 -0.99943 0.90313 -0.030752 0.16884 
92  0.089818 -1.0058 0.90437 -0.028353 0.16893 
93  0.092418 -0.99213 0.90153 -0.033236 0.16828 
94  0.089418 -1.0079 0.90471 -0.021884 0.16982 
95  0.090218 -1.0036 0.90400 -0.029353 0.16898 
96  0.089018 -1.0100 0.90506 -0.0094661 0.17110 
97  0.087818 -1.0165 0.90616 0.015070 0.17369 
98  0.11262 -0.89648 0.86845 0.075296 0.18415 
99  0.11822 -0.87265 0.85680 0.066137 0.18265 
100  0.090218 -1.0036 0.90400 -0.0050423 0.17183 
101  0.089018 -1.0100 0.90506 0.0030786 0.17290 
102  0.095619 -0.97581 0.89703 -0.014414 0.17053 
103  0.088818 -1.0111 0.90531 -0.00066951 0.17207 
104  0.086617 -1.0230 0.90697 0.0051353 0.17264 
105  0.083217 -1.0421 0.90861 -0.00013349 0.17216 
106  0.095419 -0.97681 0.89729 0.0054302 0.17313 
107  0.092819 -0.99006 0.90081 0.0074057 0.17354 
108  0.087417 -1.0187 0.90652 -0.0035804 0.17195 
109  0.084817 -1.0330 0.90797 -0.0053651 0.17149 
110  0.089018 -1.0100 0.90506 -0.0032623 0.17181 
111  0.087417 -1.0187 0.90652 -0.011444 0.17065 
112  0.088418 -1.0133 0.90563 -0.00024299 0.17234 
113  0.093419 -0.98697 0.89997 -0.0064150 0.17157 
114  0.11622 -0.88105 0.86066 0.080524 0.18476 
115  0.11322 -0.89388 0.86635 0.070536 0.18318 
116  0.11202 -0.89910 0.87171 0.081327 0.18501 
117  0.12202 -0.85704 0.85181 0.079704 0.18461 
118  0.11182 -0.89997 0.87297 0.071178 0.18323 
119  0.088218 -1.0143 0.90581 -0.0043342 0.17172 
120  0.086217 -1.0252 0.90715 -0.0029657 0.17174 
121  0.090218 -1.0036 0.90400 -0.010986 0.17122 
122  0.084417 -1.0353 0.90817 0.00026943 0.17228 
123  0.091818 -0.99524 0.90210 -0.0034964 0.17221 
124  0.091818 -0.99524 0.90210 -0.00098580 0.17253 
125  0.090218 -1.0036 0.90400 -0.015746 0.17037 
126  0.096019 -0.97380 0.89650 -0.0072578 0.17182 
127  0.085817 -1.0275 0.90737 -0.0069248 0.17155 
128  0.093419 -0.98697 0.89997 0.018111 0.17501 
129  0.088818 -1.0111 0.90531 -0.011963 0.17097 
130  0.084617 -1.0341 0.90801 -0.0067081 0.17138 
131  0.088418 -1.0133 0.90563 0.0051110 0.17299 
132  0.091418 -0.99733 0.90254 -0.0013712 0.17211 
133  0.082416 -1.0466 0.90883 -0.011370 0.17047 
134  0.094419 -0.98187 0.89869 -0.0020199 0.17219 
135  0.085217 -1.0308 0.90771 -0.0036958 0.17155 
136  0.084217 -1.0364 0.90824 -0.010158 0.17118 
137  0.088818 -1.0111 0.90531 -0.0037846 0.17225 
138  0.087417 -1.0187 0.90652 -0.00089589 0.17205 
139  0.095419 -0.97681 0.89729 -0.0040616 0.17154 
140  0.091018 -0.99943 0.90313 0.0018027 0.17239 
141  0.088818 -1.0111 0.90531 0.024808 0.17531 
142  0.088018 -1.0154 0.90602 -0.012599 0.17089 
143  0.073215 -1.1024 0.90942 -0.0041097 0.17150 
144  0.088618 -1.0122 0.90540 -0.017766 0.16988 
145  0.090818 -1.0005 0.90329 -0.025311 0.16910 
146  0.095619 -0.97581 0.89703 0.027617 0.17626 
147  0.090018 -1.0047 0.90424 -0.013347 0.17074 
148  0.087818 -1.0165 0.90616 0.0015354 0.17262 
149  0.094419 -0.98187 0.89869 0.029921 0.17630 
150  0.092018 -0.99420 0.90190 0.020503 0.17492 
151  0.093419 -0.98697 0.89997 0.026170 0.17597 
152  0.092018 -0.99420 0.90190 -0.0039671 0.17184 
153  0.10862 -0.91415 0.87719 0.049078 0.17941 
154  0.11002 -0.90790 0.87419 0.074149 0.18393 
155  0.086817 -1.0220 0.90690 -0.011183 0.17072 
156  0.089618 -1.0068 0.90454 -0.011050 0.17065 
157  0.089218 -1.0090 0.90491 -0.0094685 0.17115 
158  0.085017 -1.0319 0.90783 -0.012642 0.17062 
159  0.088418 -1.0133 0.90563 -0.0062685 0.17111 
160  0.092819 -0.99006 0.90081 -0.011098 0.17095 
161  0.092619 -0.99109 0.90127 -0.0075739 0.17134 
162  0.090618 -1.0015 0.90353 -0.046955 0.16663 
163  0.079216 -1.0653 0.90922 -0.016777 0.16967 
164  0.091618 -0.99629 0.90237 -0.038448 0.16800 
165  0.087217 -1.0198 0.90661 -0.0019899 0.17196 
166  0.091018 -0.99943 0.90313 -0.0068344 0.17159 
167  0.079416 -1.0642 0.90921 -0.0097516 0.17090 
168  0.092619 -0.99109 0.90127 -0.0041908 0.17206 
169  0.093019 -0.98903 0.90044 -0.012196 0.17091 
170  0.091018 -0.99943 0.90313 -0.0067008 0.17174 
171  0.095419 -0.97681 0.89729 -0.0052275 0.17164 
172  0.098620 -0.96094 0.89296 -0.0055085 0.17190 
173  0.089218 -1.0090 0.90491 -0.0031838 0.17174 
174  0.086417 -1.0241 0.90707 -0.0045949 0.17173 
175  0.089018 -1.0100 0.90506 -0.0094222 0.17126 
176  0.079816 -1.0618 0.90913 -0.00091416 0.17194 
177  0.087818 -1.0165 0.90616 -0.011730 0.17103 
178  0.082216 -1.0478 0.90886 0.0033892 0.17256 
179  0.088418 -1.0133 0.90563 0.0028380 0.17265 
180  0.084417 -1.0353 0.90817 0.014106 0.17336 
181  0.076415 -1.0823 0.90938 0.016243 0.17347 
182  0.080816 -1.0559 0.90906 0.011956 0.17310 
183  0.086617 -1.0230 0.90697 -0.010672 0.17125 
184  0.091218 -0.99838 0.90277 -0.0074765 0.17169 
185  0.085417 -1.0297 0.90756 -0.011033 0.17073 
186  0.097019 -0.96882 0.89506 -0.0026728 0.17202 
187  0.085817 -1.0275 0.90737 0.0023851 0.17247 
188  0.092418 -0.99213 0.90153 0.0080698 0.17376 
189  0.092418 -0.99213 0.90153 -0.046381 0.16697 
190  0.088418 -1.0133 0.90563 0.0066808 0.17355 
191  0.098620 -0.96094 0.89296 0.010049 0.17384 
192  0.089618 -1.0068 0.90454 0.012259 0.17423 
193  0.087017 -1.0209 0.90671 -0.0010372 0.17213 
194  0.096219 -0.97280 0.89606 0.0089369 0.17377 
195  0.091418 -0.99733 0.90254 0.0028779 0.17263 
196  0.086617 -1.0230 0.90697 -0.0062959 0.17141 
197  0.087217 -1.0198 0.90661 -0.0044916 0.17198 
198  0.090418 -1.0026 0.90368 -0.0013523 0.17224 
199  0.088418 -1.0133 0.90563 -0.0028957 0.17213 
200  0.090618 -1.0015 0.90353 -0.0037744 0.17190 
201  0.091218 -0.99838 0.90277 -0.0074539 0.17176 
202  0.091618 -0.99629 0.90237 -0.0024047 0.17216 
203  0.095619 -0.97581 0.89703 0.0038507 0.17300 
204  0.091218 -0.99838 0.90277 -0.0031560 0.17220 
205  0.091418 -0.99733 0.90254 0.00046692 0.17251 
206  0.092619 -0.99109 0.90127 -0.0020592 0.17234 
207  0.099820 -0.95511 0.89040 -0.0079305 0.17162 
208  0.091018 -0.99943 0.90313 -0.00047532 0.17217 
209  0.084817 -1.0330 0.90797 -3.8027e-05 0.17219 
210  0.089018 -1.0100 0.90506 -0.0024290 0.17201 
211  0.089218 -1.0090 0.90491 -0.00088687 0.17217 
212  0.096219 -0.97280 0.89606 -0.0028536 0.17204 
213  0.094819 -0.97984 0.89824 0.013596 0.17422 
214  0.082416 -1.0466 0.90883 -0.014377 0.17025 
215  0.088418 -1.0133 0.90563 -0.0081204 0.17113 
216  0.10582 -0.92685 0.88222 0.054226 0.18093 
217  0.092218 -0.99316 0.90172 0.0068844 0.17343 
218  0.078816 -1.0677 0.90927 -0.0017746 0.17177 
219  0.087818 -1.0165 0.90616 -0.0077086 0.17156 
220  0.093619 -0.98595 0.89969 -0.0058566 0.17169 
221  0.090818 -1.0005 0.90329 -0.0072664 0.17172 
222  0.092619 -0.99109 0.90127 0.0053582 0.17305 
223  0.088618 -1.0122 0.90540 0.0094112 0.17377 
224  0.090618 -1.0015 0.90353 -0.011187 0.17096 
225  0.098020 -0.96388 0.89355 -0.0071456 0.17166 
226  0.091818 -0.99524 0.90210 -0.0037021 0.17197 
227  0.089218 -1.0090 0.90491 0.0032081 0.17297 
228  0.086817 -1.0220 0.90690 -0.025973 0.16897 
229  0.083017 -1.0432 0.90862 -0.022598 0.16938 
230  0.089218 -1.0090 0.90491 -0.032537 0.16839 
231  0.080816 -1.0559 0.90906 -0.029529 0.16843 
232  0.089418 -1.0079 0.90471 -0.0025268 0.17186 
233  0.083817 -1.0387 0.90838 -0.031723 0.16833 
234  0.091018 -0.99943 0.90313 -0.026477 0.16923 
235  0.084817 -1.0330 0.90797 -0.029561 0.16860 
236  0.090218 -1.0036 0.90400 -0.028110 0.16903 
237  0.091018 -0.99943 0.90313 -0.034093 0.16805 
238  0.090618 -1.0015 0.90353 -0.028489 0.16890 
239  0.090618 -1.0015 0.90353 -0.014427 0.17065 
240  0.087618 -1.0176 0.90636 -0.0095118 0.17111 
241  0.089818 -1.0058 0.90437 -0.0032060 0.17180 
242  0.088018 -1.0154 0.90602 -0.011771 0.17082 
243  0.098220 -0.96290 0.89332 -0.0035087 0.17195 
244  0.10222 -0.94363 0.88725 0.041953 0.17838 
245  0.085617 -1.0286 0.90748 0.0011230 0.17239 
246  0.088818 -1.0111 0.90531 -0.0088046 0.17128 
247  0.087818 -1.0165 0.90616 -0.0095728 0.17114 
248  0.083217 -1.0421 0.90861 -0.013333 0.17084 
249  0.090218 -1.0036 0.90400 -0.012604 0.17070 
250  0.10702 -0.92137 0.88062 0.030889 0.17739 
251  0.092418 -0.99213 0.90153 0.016854 0.17451 
252  0.094219 -0.98289 0.89897 0.0099422 0.17370 
253  0.086417 -1.0241 0.90707 0.017357 0.17442 
254  0.17103 -0.68545 0.81966 0.21030 0.20721 
255  0.097019 -0.96882 0.89506 -0.0098266 0.17122 
256  0.085817 -1.0275 0.90737 -0.0047268 0.17155 
257  0.091218 -0.99838 0.90277 0.0027195 0.17286 
258  0.089618 -1.0068 0.90454 -0.012532 0.17060 
259  0.085217 -1.0308 0.90771 -0.011453 0.17101 
260  0.078616 -1.0689 0.90931 -0.023600 0.16903 
261  0.090018 -1.0047 0.90424 -0.010126 0.17081 
262  0.089618 -1.0068 0.90454 0.0014780 0.17264 
263  0.092218 -0.99316 0.90172 -0.0028787 0.17203 
264  0.092018 -0.99420 0.90190 -0.0038785 0.17206 
265  0.086817 -1.0220 0.90690 -0.0021656 0.17231 
266  0.099820 -0.95511 0.89040 0.019000 0.17555 
267  0.095019 -0.97883 0.89798 0.021817 0.17540 
268  0.096019 -0.97380 0.89650 0.010710 0.17434 
269  0.096819 -0.96981 0.89532 0.027788 0.17637 
270  0.10002 -0.95415 0.88961 0.0038683 0.17296 
271  0.090218 -1.0036 0.90400 0.018072 0.17483 
272  0.10062 -0.95126 0.88917 0.024452 0.17622 
273  0.096819 -0.96981 0.89532 0.021806 0.17546 
274  0.093219 -0.98800 0.90023 0.031741 0.17666 
275  0.098420 -0.96192 0.89320 0.028685 0.17630 
276  0.087618 -1.0176 0.90636 -0.010372 0.17080 
277  0.084017 -1.0375 0.90833 -0.024851 0.16924 
278  0.10282 -0.94080 0.88697 0.043954 0.17912 
279  0.10502 -0.93054 0.88357 0.026308 0.17626 
280  0.096419 -0.97180 0.89574 0.013540 0.17449 
281  0.098820 -0.95997 0.89203 0.029661 0.17653 
282  0.088018 -1.0154 0.90602 -0.0039543 0.17195 
283  0.086217 -1.0252 0.90715 0.00068604 0.17238 
284  0.087417 -1.0187 0.90652 -0.010341 0.17103 
285  0.086417 -1.0241 0.90707 -0.014614 0.17047 
286  0.086017 -1.0264 0.90724 -0.021699 0.16961 
287  0.090018 -1.0047 0.90424 -0.013628 0.17060 
288  0.084017 -1.0375 0.90833 -0.017934 0.17014 
289  0.087417 -1.0187 0.90652 -0.011875 0.17089 
290  0.090818 -1.0005 0.90329 -0.010148 0.17124 
291  0.087417 -1.0187 0.90652 -0.0080518 0.17134 
292  0.093219 -0.98800 0.90023 -0.0098101 0.17112 
293  0.077015 -1.0786 0.90934 -0.016365 0.17014 
294  0.087017 -1.0209 0.90671 -0.0049669 0.17153 
295  0.087217 -1.0198 0.90661 0.0031365 0.17248 
296  0.091418 -0.99733 0.90254 -0.0045889 0.17188 
297  0.092418 -0.99213 0.90153 0.00078032 0.17249 
298  0.083817 -1.0387 0.90838 0.0031393 0.17250 
299  0.090018 -1.0047 0.90424 -0.0018584 0.17205 
300  0.087618 -1.0176 0.90636 -0.0014800 0.17224 
301  0.091218 -0.99838 0.90277 -0.00052768 0.17240 
302  0.088018 -1.0154 0.90602 0.00088534 0.17230 
303  0.088018 -1.0154 0.90602 -0.0023969 0.17207 
304  0.085817 -1.0275 0.90737 -0.0021928 0.17169 
305  0.096019 -0.97380 0.89650 0.026929 0.17660 
306  0.092218 -0.99316 0.90172 0.018062 0.17466 
307  0.083617 -1.0398 0.90845 0.0063224 0.17249 
308  0.086817 -1.0220 0.90690 0.014262 0.17385 
309  0.084217 -1.0364 0.90824 -0.012676 0.17067 
310  0.094619 -0.98085 0.89844 0.021903 0.17546 
311  0.096019 -0.97380 0.89650 0.025414 0.17579 
312  0.086817 -1.0220 0.90690 -0.0042700 0.17214 
313  0.091618 -0.99629 0.90237 -0.016256 0.17030 
314  0.10882 -0.91325 0.87630 0.057982 0.18084 
315  0.087818 -1.0165 0.90616 -0.0094374 0.17127 
316  0.092619 -0.99109 0.90127 -0.0072591 0.17140 
317  0.10322 -0.93892 0.88611 0.023132 0.17575 
318  0.098820 -0.95997 0.89203 0.028311 0.17642 
319  0.084417 -1.0353 0.90817 0.025703 0.17574 
320  0.087417 -1.0187 0.90652 0.0016067 0.17213 
321  0.086817 -1.0220 0.90690 0.0044626 0.17279 
322  0.092619 -0.99109 0.90127 0.017818 0.17480 
323  0.087417 -1.0187 0.90652 -0.010263 0.17100 
324  0.090018 -1.0047 0.90424 0.0074289 0.17346 
325  0.091218 -0.99838 0.90277 0.012391 0.17391 
326  0.093019 -0.98903 0.90044 0.011635 0.17394 
327  0.10102 -0.94934 0.88895 0.015945 0.17486 
328  0.082416 -1.0466 0.90883 0.0084981 0.17372 
329  0.099620 -0.95608 0.89142 0.025833 0.17651 
330  0.10102 -0.94934 0.88895 0.020810 0.17564 
331  0.090818 -1.0005 0.90329 0.019314 0.17532 
332  0.093219 -0.98800 0.90023 0.023871 0.17624 
333  0.094819 -0.97984 0.89824 0.025169 0.17616 
334  0.091618 -0.99629 0.90237 0.025699 0.17599 
335  0.090418 -1.0026 0.90368 -0.0040048 0.17176 
336  0.085217 -1.0308 0.90771 -0.0096288 0.17105 
337  0.080016 -1.0606 0.90910 -0.010150 0.17087 
338  0.088218 -1.0143 0.90581 -0.032369 0.16837 
339  0.086217 -1.0252 0.90715 -0.026584 0.16895 
340  0.087618 -1.0176 0.90636 0.012067 0.17349 
341  0.093219 -0.98800 0.90023 0.011682 0.17401 
342  0.093219 -0.98800 0.90023 -0.0036659 0.17207 
343  0.084417 -1.0353 0.90817 -0.014960 0.17015 
344  0.084017 -1.0375 0.90833 -0.017685 0.16969 
345  0.088818 -1.0111 0.90531 0.0078058 0.17324 
346  0.087618 -1.0176 0.90636 0.011001 0.17347 
347  0.098620 -0.96094 0.89296 0.052210 0.17997 
348  0.083217 -1.0421 0.90861 -0.021821 0.16979 
349  0.092819 -0.99006 0.90081 -0.025449 0.16942 
350  0.10182 -0.94553 0.88825 0.039275 0.17839 
351  0.087618 -1.0176 0.90636 -0.0043875 0.17182 
352  0.092619 -0.99109 0.90127 0.011108 0.17405 
353  0.094819 -0.97984 0.89824 0.010509 0.17355 
354  0.093619 -0.98595 0.89969 0.031686 0.17656 
355  0.094419 -0.98187 0.89869 0.015765 0.17485 
356  0.088218 -1.0143 0.90581 -0.0090785 0.17126 
357  0.082416 -1.0466 0.90883 -0.0010536 0.17210 
358  0.092418 -0.99213 0.90153 -0.0093312 0.17154 
359  0.089618 -1.0068 0.90454 -0.030629 0.16883 
360  0.089818 -1.0058 0.90437 -0.026949 0.16907 
361  0.088018 -1.0154 0.90602 -0.032429 0.16818 
362  0.087017 -1.0209 0.90671 -0.027379 0.16871 
363  0.083617 -1.0398 0.90845 -0.023797 0.16926 
364  0.082817 -1.0443 0.90866 -0.0072497 0.17093 
365  0.10042 -0.95222 0.88939 0.027006 0.17649 
366  0.081616 -1.0512 0.90896 -0.0084336 0.17107 
367  0.082016 -1.0489 0.90888 -0.0086331 0.17100 
368  0.091018 -0.99943 0.90313 -0.0085224 0.17136 
369  0.089218 -1.0090 0.90491 -0.022561 0.16936 
370  0.086417 -1.0241 0.90707 -0.0030139 0.17193 
371  0.075615 -1.0872 0.90940 -0.025548 0.16879 
372  0.096219 -0.97280 0.89606 0.018257 0.17503 
373  0.088218 -1.0143 0.90581 -0.010675 0.17091 
374  0.094619 -0.98085 0.89844 -0.0072504 0.17125 
375  0.096619 -0.97081 0.89541 -0.029263 0.16860 
376  0.087217 -1.0198 0.90661 -0.025931 0.16908 
377  0.088218 -1.0143 0.90581 -0.025540 0.16898 
378  0.084417 -1.0353 0.90817 -0.027095 0.16879 
379  0.088018 -1.0154 0.90602 -0.026114 0.16887 
380  0.091618 -0.99629 0.90237 -0.029972 0.16864 
381  0.088418 -1.0133 0.90563 -0.027701 0.16885 
382  0.088018 -1.0154 0.90602 -0.027417 0.16892 
383  0.090218 -1.0036 0.90400 -0.028867 0.16869 
384  0.089218 -1.0090 0.90491 -0.018290 0.17007 
385  0.087818 -1.0165 0.90616 -0.018169 0.17004 
386  0.092819 -0.99006 0.90081 -0.032151 0.16846 
387  0.085217 -1.0308 0.90771 -0.027406 0.16887 
388  0.085217 -1.0308 0.90771 0.025095 0.17538 
389  0.094019 -0.98390 0.89924 -0.030792 0.16870 
390  0.090218 -1.0036 0.90400 -0.029264 0.16882 
391  0.093619 -0.98595 0.89969 -0.024455 0.16932 
392  0.088218 -1.0143 0.90581 0.0014826 0.17228 
393  0.089618 -1.0068 0.90454 -0.00048310 0.17235 
394  0.079416 -1.0642 0.90921 0.0048284 0.17290 
395  0.087017 -1.0209 0.90671 -0.0044736 0.17197 
396  0.081816 -1.0501 0.90892 -0.0037287 0.17157 
397  0.088418 -1.0133 0.90563 -0.026507 0.16876 
398  0.082617 -1.0455 0.90872 -0.023034 0.16930 
399  0.089818 -1.0058 0.90437 -0.029719 0.16880 
400  0.086417 -1.0241 0.90707 -0.032753 0.16805 
401  0.093019 -0.98903 0.90044 -0.031352 0.16858 
402  0.088418 -1.0133 0.90563 -0.033402 0.16810 
403  0.093819 -0.98493 0.89945 -0.012503 0.17072 
404  0.086017 -1.0264 0.90724 0.0023650 0.17280 
405  0.090218 -1.0036 0.90400 -0.0035313 0.17218 
406  0.085417 -1.0297 0.90756 0.00031062 0.17214 
407  0.088018 -1.0154 0.90602 0.0016744 0.17248 
408  0.088818 -1.0111 0.90531 0.021836 0.17525 
409  0.092018 -0.99420 0.90190 0.0029723 0.17264 
410  0.092619 -0.99109 0.90127 0.014586 0.17427 
411  0.085617 -1.0286 0.90748 0.0031802 0.17267 
412  0.088218 -1.0143 0.90581 0.0087423 0.17327 
413  0.086217 -1.0252 0.90715 0.0091735 0.17340 
414  0.087417 -1.0187 0.90652 0.0056169 0.17301 
415  0.086017 -1.0264 0.90724 -0.025613 0.16895 
416  0.085817 -1.0275 0.90737 -0.028315 0.16866 
417  0.089018 -1.0100 0.90506 -0.022118 0.16963 
418  0.087417 -1.0187 0.90652 -0.017027 0.17003 
419  0.085017 -1.0319 0.90783 -0.014327 0.17043 
420  0.086017 -1.0264 0.90724 -0.0044240 0.17163 
421  0.083417 -1.0409 0.90853 0.014024 0.17341 
422  0.087818 -1.0165 0.90616 0.035151 0.17650 
423  0.10702 -0.92137 0.88062 0.053904 0.17977 
424  0.095619 -0.97581 0.89703 -0.038423 0.16793 
425  0.072214 -1.1088 0.90945 -0.0088443 0.17064 
426  0.084417 -1.0353 0.90817 -0.0078652 0.17083 
427  0.094019 -0.98390 0.89924 0.035412 0.17696 
428  0.088018 -1.0154 0.90602 -0.00015641 0.17242 
429  0.10402 -0.93518 0.88475 0.046462 0.17901 
430  0.091418 -0.99733 0.90254 -0.030665 0.16855 
431  0.090818 -1.0005 0.90329 0.0014019 0.17256 
432  0.084017 -1.0375 0.90833 -0.031956 0.16819 
433  0.089818 -1.0058 0.90437 0.0036808 0.17250 
434  0.086817 -1.0220 0.90690 0.0024607 0.17252 
435  0.087417 -1.0187 0.90652 0.0017365 0.17247 
436  0.088618 -1.0122 0.90540 -0.0033954 0.17197 
437  0.085617 -1.0286 0.90748 -0.0049267 0.17179 
438  0.093019 -0.98903 0.90044 0.019734 0.17498 
439  0.086217 -1.0252 0.90715 0.016664 0.17443 
440  0.095819 -0.97480 0.89670 0.035799 0.17708 
441  0.094419 -0.98187 0.89869 0.037979 0.17733 
442  0.097620 -0.96585 0.89420 0.025147 0.17611 
443  0.092819 -0.99006 0.90081 0.024751 0.17574 
444  0.088818 -1.0111 0.90531 0.0015005 0.17233 
445  0.096419 -0.97180 0.89574 -0.010960 0.17134 
446  0.095019 -0.97883 0.89798 0.026128 0.17566 
447  0.087618 -1.0176 0.90636 -0.015057 0.17034 
448  0.091218 -0.99838 0.90277 -0.026651 0.16940 
449  0.12763 -0.83477 0.84527 0.095935 0.18691 
450  0.086217 -1.0252 0.90715 -0.0053801 0.17182 
451  0.099620 -0.95608 0.89142 0.029512 0.17674 
452  0.089418 -1.0079 0.90471 -0.014782 0.17041 
453  0.086817 -1.0220 0.90690 -0.0077904 0.17101 
454  0.090418 -1.0026 0.90368 -0.011524 0.17113 
455  0.086817 -1.0220 0.90690 -0.0090046 0.17117 
456  0.092218 -0.99316 0.90172 -0.0055655 0.17172 
457  0.093219 -0.98800 0.90023 -0.0093604 0.17128 
458  0.089218 -1.0090 0.90491 -0.024766 0.16908 
459  0.089418 -1.0079 0.90471 -0.0077345 0.17101 
460  0.091818 -0.99524 0.90210 -0.018869 0.16991 
461  0.084217 -1.0364 0.90824 -0.016205 0.16995 
462  0.094019 -0.98390 0.89924 -0.018380 0.17026 
463  0.083617 -1.0398 0.90845 -0.0062595 0.17111 
464  0.085217 -1.0308 0.90771 -0.023051 0.16992 
465  0.091618 -0.99629 0.90237 -0.018516 0.16999 
466  0.090018 -1.0047 0.90424 -0.018393 0.17006 
467  0.090618 -1.0015 0.90353 -0.020442 0.17007 
468  0.082817 -1.0443 0.90866 0.0022831 0.17230 
469  0.087818 -1.0165 0.90616 -0.021524 0.16960 
470  0.089018 -1.0100 0.90506 -0.023555 0.16946 
471  0.084817 -1.0330 0.90797 -0.0060245 0.17148 
472  0.090018 -1.0047 0.90424 -0.0048235 0.17189 
473  0.091618 -0.99629 0.90237 -0.029262 0.16890 
474  0.081216 -1.0536 0.90900 -0.017340 0.17000 
475  0.089818 -1.0058 0.90437 0.0037270 0.17296 
476  0.081616 -1.0512 0.90896 -0.0013767 0.17201 
477  0.094219 -0.98289 0.89897 0.010114 0.17361 
478  0.091418 -0.99733 0.90254 0.0056572 0.17301 
479  0.090418 -1.0026 0.90368 0.0036246 0.17298 
480  0.093619 -0.98595 0.89969 0.00054779 0.17256 
481  0.082416 -1.0466 0.90883 -0.0028442 0.17190 
482  0.085617 -1.0286 0.90748 0.0074466 0.17321 
483  0.091018 -0.99943 0.90313 0.0083698 0.17356 
484  0.097820 -0.96487 0.89399 -0.00069229 0.17235 
485  0.090018 -1.0047 0.90424 -0.0029322 0.17203 
486  0.089218 -1.0090 0.90491 -0.0032290 0.17191 
487  0.087618 -1.0176 0.90636 -0.0056602 0.17097 
488  0.096419 -0.97180 0.89574 0.025763 0.17643 
489  0.086817 -1.0220 0.90690 -0.0032627 0.17177 
490  0.097419 -0.96684 0.89450 -0.050608 0.16670 
491  0.084417 -1.0353 0.90817 -0.028587 0.16880 
492  0.086817 -1.0220 0.90690 -0.022136 0.16945 
493  0.11422 -0.88957 0.86380 0.065314 0.18239 
494  0.11202 -0.89910 0.87171 0.059629 0.18133 
495  0.10342 -0.93798 0.88579 0.020284 0.17547 
496  0.095619 -0.97581 0.89703 0.016082 0.17528 
497  0.091818 -0.99524 0.90210 -0.0090124 0.17136 
498  0.088818 -1.0111 0.90531 4.4723e-05 0.17224 
499  0.097820 -0.96487 0.89399 0.024983 0.17588 
500  0.086617 -1.0230 0.90697 -0.010945 0.17065 
501  0.090418 -1.0026 0.90368 0.00039914 0.17250 
502  0.090618 -1.0015 0.90353 -0.0015827 0.17242 
503  0.085017 -1.0319 0.90783 -0.012138 0.17059 
504  0.091818 -0.99524 0.90210 -0.0082508 0.17138 
505  0.087618 -1.0176 0.90636 -0.0045274 0.17188 
506  0.086817 -1.0220 0.90690 -0.0084738 0.17117 
507  0.084217 -1.0364 0.90824 -0.013351 0.17060 
508  0.088018 -1.0154 0.90602 -0.0052498 0.17155 
509  0.089418 -1.0079 0.90471 -0.0079961 0.17129 
510  0.088418 -1.0133 0.90563 -0.0077088 0.17128 
511  0.093419 -0.98697 0.89997 -0.020860 0.17009 
512  0.088818 -1.0111 0.90531 -0.011519 0.17083 
513  0.083617 -1.0398 0.90845 -0.031217 0.16849 
514  0.094019 -0.98390 0.89924 -0.031301 0.16841 
515  0.079616 -1.0630 0.90916 -0.026362 0.16874 
516  0.085017 -1.0319 0.90783 -0.035224 0.16781 
517  0.090818 -1.0005 0.90329 -0.029218 0.16848 
518  0.081816 -1.0501 0.90892 -0.0086928 0.17087 
519  0.091018 -0.99943 0.90313 -0.015857 0.17017 
520  0.096019 -0.97380 0.89650 0.033365 0.17722 
521  0.099820 -0.95511 0.89040 0.023802 0.17598 
522  0.077816 -1.0738 0.90932 0.0024880 0.17214 
523  0.083417 -1.0409 0.90853 -0.0045051 0.17126 
524  0.090818 -1.0005 0.90329 -0.013798 0.17075 
525  0.084217 -1.0364 0.90824 -0.022940 0.16915 
526  0.083617 -1.0398 0.90845 0.0082345 0.17308 
527  0.089018 -1.0100 0.90506 0.012511 0.17368 
528  0.085817 -1.0275 0.90737 -0.0013195 0.17192 
529  0.084817 -1.0330 0.90797 -0.0075308 0.17139 
530  0.088218 -1.0143 0.90581 0.0028963 0.17247 
531  0.087818 -1.0165 0.90616 0.017126 0.17431 
532  0.092218 -0.99316 0.90172 0.011888 0.17362 
533  0.093619 -0.98595 0.89969 0.029019 0.17653 
534  0.090018 -1.0047 0.90424 -0.011336 0.17073 
535  0.084017 -1.0375 0.90833 0.0063711 0.17260 
536  0.088018 -1.0154 0.90602 -0.0012787 0.17206 
537  0.10782 -0.91775 0.87939 0.052993 0.17985 
538  0.088018 -1.0154 0.90602 -0.00017582 0.17230 
539  0.091618 -0.99629 0.90237 -0.0032836 0.17206 
540  0.086217 -1.0252 0.90715 -0.013679 0.17067 
541  0.088218 -1.0143 0.90581 -0.015707 0.17022 
542  0.082416 -1.0466 0.90883 -0.0098568 0.17096 
543  0.13063 -0.82318 0.83623 0.099039 0.18793 
544  0.087217 -1.0198 0.90661 -0.0042835 0.17155 
545  0.088418 -1.0133 0.90563 -0.0066232 0.17165 
546  0.099620 -0.95608 0.89142 0.035643 0.17766 
547  0.10842 -0.91504 0.87799 0.048073 0.17995 
548  0.10602 -0.92593 0.88173 0.028708 0.17668 
549  0.080616 -1.0571 0.90907 -0.0069999 0.17104 
550  0.087217 -1.0198 0.90661 -0.016867 0.17002 
551  0.088018 -1.0154 0.90602 -0.013626 0.17031 
552  0.093419 -0.98697 0.89997 -0.0080971 0.17164 
553  0.083817 -1.0387 0.90838 -0.00086843 0.17214 
554  0.089418 -1.0079 0.90471 -0.0070514 0.17179 
555  0.087217 -1.0198 0.90661 -0.0051353 0.17188 
556  0.092418 -0.99213 0.90153 -0.012039 0.17112 
557  0.079416 -1.0642 0.90921 -0.0026166 0.17161 
558  0.091218 -0.99838 0.90277 -0.019135 0.16991 
559  0.093819 -0.98493 0.89945 -0.041308 0.16755 
560  0.090218 -1.0036 0.90400 -0.031571 0.16848 
561  0.087017 -1.0209 0.90671 -0.029558 0.16863 
562  0.091618 -0.99629 0.90237 -0.023055 0.16945 
563  0.093019 -0.98903 0.90044 -0.00052207 0.17219 
564  0.10342 -0.93798 0.88579 0.052853 0.17991 
565  0.097820 -0.96487 0.89399 -0.040341 0.16784 
566  0.087217 -1.0198 0.90661 0.014040 0.17396 
567  0.088818 -1.0111 0.90531 0.027322 0.17574 
568  0.095019 -0.97883 0.89798 0.020565 0.17485 
569  0.090018 -1.0047 0.90424 0.016490 0.17457 
570  0.094219 -0.98289 0.89897 -0.043317 0.16725 
571  0.085217 -1.0308 0.90771 -0.0017979 0.17195 
572  0.087618 -1.0176 0.90636 0.0096675 0.17333 
573  0.085817 -1.0275 0.90737 0.017006 0.17458 
574  0.087818 -1.0165 0.90616 -0.025220 0.16896 
575  0.097419 -0.96684 0.89450 -0.028628 0.16922 
576  0.086017 -1.0264 0.90724 -0.024107 0.16905 
577  0.086417 -1.0241 0.90707 -0.028080 0.16882 
578  0.087618 -1.0176 0.90636 -0.023057 0.16940 
579  0.089018 -1.0100 0.90506 -0.020466 0.16953 
580  0.083217 -1.0421 0.90861 -0.027245 0.16899 
581  0.082617 -1.0455 0.90872 -0.024855 0.16907 
582  0.085617 -1.0286 0.90748 -0.017631 0.17034 
583  0.082216 -1.0478 0.90886 -0.025722 0.16882 
584  0.087618 -1.0176 0.90636 -0.033887 0.16857 
585  0.093019 -0.98903 0.90044 -0.022857 0.16955 
586  0.086417 -1.0241 0.90707 -0.025300 0.16922 
587  0.084417 -1.0353 0.90817 -0.024158 0.16949 
588  0.088018 -1.0154 0.90602 -0.029383 0.16863 
589  0.087417 -1.0187 0.90652 -0.030870 0.16848 
590  0.095419 -0.97681 0.89729 0.028718 0.17649 
591  0.10202 -0.94458 0.88802 0.028020 0.17634 
592  0.085417 -1.0297 0.90756 -0.023122 0.16932 
593  0.085017 -1.0319 0.90783 -0.023770 0.16915 
594  0.085017 -1.0319 0.90783 -0.023033 0.16920 
595  0.098020 -0.96388 0.89355 -0.032717 0.16862 
596  0.083417 -1.0409 0.90853 -0.0090592 0.17139 
597  0.089418 -1.0079 0.90471 -0.020426 0.16983 
598  0.097019 -0.96882 0.89506 -0.026998 0.16939 
599  0.081416 -1.0524 0.90897 -0.018225 0.16981 
600  0.085617 -1.0286 0.90748 -0.024819 0.16902 
601  0.084817 -1.0330 0.90797 -0.021447 0.16975 
602  0.088418 -1.0133 0.90563 -0.025336 0.16938 
603  0.090018 -1.0047 0.90424 -0.029331 0.16875 
604  0.081016 -1.0547 0.90903 -0.022691 0.16917 
605  0.088418 -1.0133 0.90563 -0.019419 0.16986 
606  0.084017 -1.0375 0.90833 -0.0060563 0.17125 
607  0.088218 -1.0143 0.90581 -0.021973 0.16941 
608  0.084417 -1.0353 0.90817 -0.030349 0.16856 
609  0.099620 -0.95608 0.89142 0.025801 0.17599 
610  0.098620 -0.96094 0.89296 0.017112 0.17475 
611  0.089418 -1.0079 0.90471 -0.038819 0.16787 
612  0.086417 -1.0241 0.90707 -0.034877 0.16795 
613  0.090218 -1.0036 0.90400 -0.035470 0.16784 
614  0.085817 -1.0275 0.90737 -0.035269 0.16789 
615  0.087618 -1.0176 0.90636 -0.0065966 0.17134 
616  0.090818 -1.0005 0.90329 -0.00040785 0.17228 
617  0.090218 -1.0036 0.90400 -0.0049832 0.17180 
618  0.099820 -0.95511 0.89040 0.025883 0.17644 
619  0.094019 -0.98390 0.89924 0.024358 0.17564 
620  0.081016 -1.0547 0.90903 0.0053068 0.17255 
621  0.092619 -0.99109 0.90127 -0.018484 0.17013 
622  0.086817 -1.0220 0.90690 -0.019259 0.16968 
623  0.082416 -1.0466 0.90883 -0.00098511 0.17183 
624  0.084617 -1.0341 0.90801 -0.014641 0.17049 
625  0.089618 -1.0068 0.90454 0.0027504 0.17274 
626  0.086817 -1.0220 0.90690 0.0064496 0.17302 
627  0.089418 -1.0079 0.90471 -0.0012023 0.17255 
628  0.093619 -0.98595 0.89969 0.00076384 0.17273 
629  0.081816 -1.0501 0.90892 0.0032045 0.17243 
630  0.090218 -1.0036 0.90400 0.0057849 0.17276 
631  0.088818 -1.0111 0.90531 0.0069210 0.17342 
632  0.088818 -1.0111 0.90531 -0.0011096 0.17228 
633  0.087618 -1.0176 0.90636 0.0093393 0.17354 
634  0.084417 -1.0353 0.90817 0.0010211 0.17231 
635  0.085217 -1.0308 0.90771 0.0031524 0.17282 
636  0.084817 -1.0330 0.90797 -0.0041405 0.17192 
637  0.090618 -1.0015 0.90353 -0.0024015 0.17220 
638  0.095219 -0.97782 0.89753 -0.00060197 0.17223 
639  0.095219 -0.97782 0.89753 0.0085611 0.17366 
640  0.10902 -0.91235 0.87531 0.037768 0.17814 
641  0.089218 -1.0090 0.90491 0.00088286 0.17267 
642  0.090018 -1.0047 0.90424 0.011224 0.17409 
643  0.085217 -1.0308 0.90771 -0.010403 0.17086 
644  0.084417 -1.0353 0.90817 -0.023146 0.16936 
645  0.088418 -1.0133 0.90563 -0.019471 0.16978 
646  0.091018 -0.99943 0.90313 -0.024546 0.16932 
647  0.084817 -1.0330 0.90797 -0.022917 0.16952 
648  0.091018 -0.99943 0.90313 -0.032301 0.16843 
649  0.084217 -1.0364 0.90824 -0.015977 0.17012 
650  0.091018 -0.99943 0.90313 -0.026658 0.16941 
651  0.094019 -0.98390 0.89924 -0.029403 0.16893 
652  0.083417 -1.0409 0.90853 -0.015202 0.17025 
653  0.085817 -1.0275 0.90737 -0.027726 0.16901 
654  0.091618 -0.99629 0.90237 -0.028209 0.16889 
655  0.092619 -0.99109 0.90127 -0.027806 0.16891 
656  0.085417 -1.0297 0.90756 -0.0062958 0.17121 
657  0.090218 -1.0036 0.90400 0.024888 0.17571 
658  0.085217 -1.0308 0.90771 -0.0019362 0.17202 
659  0.085217 -1.0308 0.90771 0.0027008 0.17254 
660  0.086617 -1.0230 0.90697 0.00024871 0.17241 
661  0.086017 -1.0264 0.90724 -0.0046242 0.17142 
662  0.085417 -1.0297 0.90756 -0.0011645 0.17203 
663  0.085417 -1.0297 0.90756 0.0024770 0.17256 
664  0.083817 -1.0387 0.90838 -0.00088037 0.17211 
665  0.091818 -0.99524 0.90210 -0.0016151 0.17209 
666  0.085417 -1.0297 0.90756 -0.0068365 0.17166 
667  0.085017 -1.0319 0.90783 0.0022301 0.17274 
668  0.090418 -1.0026 0.90368 -0.0032885 0.17169 
669  0.091218 -0.99838 0.90277 0.0021419 0.17260 
670  0.086817 -1.0220 0.90690 -0.0046825 0.17156 
671  0.096219 -0.97280 0.89606 0.021875 0.17574 
672  0.095219 -0.97782 0.89753 0.026160 0.17595 
673  0.088218 -1.0143 0.90581 0.019526 0.17506 
674  0.10822 -0.91594 0.87871 0.061986 0.18097 
675  0.098620 -0.96094 0.89296 0.057552 0.18004 
676  0.10402 -0.93518 0.88475 0.064904 0.18135 
677  0.10542 -0.92869 0.88270 0.061405 0.18110 
678  0.099620 -0.95608 0.89142 -0.0028484 0.17219 
679  0.092018 -0.99420 0.90190 -0.035897 0.16821 
680  0.088418 -1.0133 0.90563 -0.026797 0.16930 
681  0.094819 -0.97984 0.89824 0.024196 0.17581 
682  0.095019 -0.97883 0.89798 0.028224 0.17619 
683  0.095019 -0.97883 0.89798 0.025516 0.17630 
684  0.10202 -0.94458 0.88802 0.036759 0.17787 
685  0.097419 -0.96684 0.89450 0.029076 0.17651 
686  0.094219 -0.98289 0.89897 0.031051 0.17671 
687  0.088818 -1.0111 0.90531 0.0053406 0.17263 
688  0.085017 -1.0319 0.90783 0.0068597 0.17320 
689  0.092819 -0.99006 0.90081 -0.00060277 0.17256 
690  0.095219 -0.97782 0.89753 0.027618 0.17634 
691  0.099620 -0.95608 0.89142 0.032165 0.17715 
692  0.10302 -0.93986 0.88670 0.029331 0.17643 
693  0.097820 -0.96487 0.89399 0.022726 0.17561 
694  0.098420 -0.96192 0.89320 0.033563 0.17710 
695  0.10302 -0.93986 0.88670 0.032165 0.17700 
696  0.097019 -0.96882 0.89506 0.034884 0.17740 
697  0.10522 -0.92961 0.88315 0.029945 0.17690 
698  0.088818 -1.0111 0.90531 -0.029130 0.16894 
699  0.089218 -1.0090 0.90491 -0.027172 0.16890 
700  0.092619 -0.99109 0.90127 -0.031515 0.16852 
701  0.090218 -1.0036 0.90400 -0.026273 0.16898 
702  0.082016 -1.0489 0.90888 -0.024719 0.16906 
703  0.083617 -1.0398 0.90845 -0.024838 0.16918 
704  0.087417 -1.0187 0.90652 -0.031356 0.16869 
705  0.084817 -1.0330 0.90797 0.014313 0.17414 
706  0.087618 -1.0176 0.90636 0.0057058 0.17269 
707  0.089618 -1.0068 0.90454 0.0082555 0.17338 
708  0.089018 -1.0100 0.90506 0.013553 0.17422 
709  0.084817 -1.0330 0.90797 -0.0070806 0.17140 
710  0.095019 -0.97883 0.89798 0.032782 0.17719 
711  0.090218 -1.0036 0.90400 0.014798 0.17440 
712  0.084417 -1.0353 0.90817 -0.022543 0.16962 
713  0.098620 -0.96094 0.89296 0.023047 0.17554 
714  0.093819 -0.98493 0.89945 0.026133 0.17629 
715  0.087017 -1.0209 0.90671 0.013503 0.17368 
716  0.087618 -1.0176 0.90636 -0.0036231 0.17188 
717  0.092018 -0.99420 0.90190 -0.031362 0.16868 
718  0.090018 -1.0047 0.90424 -0.0066120 0.17170 
719  0.094619 -0.98085 0.89844 -0.0058769 0.17177 
720  0.081216 -1.0536 0.90900 0.0029845 0.17270 
721  0.079816 -1.0618 0.90913 0.0053865 0.17248 
722  0.082817 -1.0443 0.90866 0.0039206 0.17237 
723  0.090618 -1.0015 0.90353 0.0059658 0.17302 
724  0.085017 -1.0319 0.90783 0.0051273 0.17259 
725  0.084617 -1.0341 0.90801 0.0072782 0.17314 
726  0.083417 -1.0409 0.90853 0.0039328 0.17276 
727  0.081616 -1.0512 0.90896 0.013045 0.17340 
728  0.099020 -0.95899 0.89173 0.031619 0.17680 
729  0.18964 -0.63075 0.81036 0.22437 0.20989 
730  0.088218 -1.0143 0.90581 0.022149 0.17490 
731  0.091218 -0.99838 0.90277 0.00041332 0.17259 
732  0.098620 -0.96094 0.89296 0.029933 0.17689 
733  0.092218 -0.99316 0.90172 -0.0022888 0.17225 
734  0.078816 -1.0677 0.90927 0.0014206 0.17218 
735  0.088818 -1.0111 0.90531 -0.0028434 0.17184 
736  0.092418 -0.99213 0.90153 -0.0069245 0.17141 
737  0.086617 -1.0230 0.90697 -0.0074677 0.17124 
738  0.097019 -0.96882 0.89506 -0.011018 0.17110 
739  0.084417 -1.0353 0.90817 -0.0026161 0.17210 
740  0.088618 -1.0122 0.90540 -0.0046646 0.17167 
741  0.078616 -1.0689 0.90931 0.0032821 0.17240 
742  0.084417 -1.0353 0.90817 0.0012336 0.17234 
743  0.085617 -1.0286 0.90748 0.0020469 0.17254 
744  0.085017 -1.0319 0.90783 -0.0049836 0.17152 
745  0.084017 -1.0375 0.90833 -0.0063667 0.17183 
746  0.084817 -1.0330 0.90797 0.00084973 0.17240 
747  0.089618 -1.0068 0.90454 -0.0027190 0.17204 
