    prob  log10(PO)   qval  alpha  fst
1  0.0782156 -1.07134 0.911766 -0.0058930 0.30549 
2  0.081616 -1.0512 0.90884 -0.021473 0.30338 
3  0.078416 -1.0701 0.91133 -0.012430 0.30435 
4  0.073415 -1.1011 0.91236 -0.0046074 0.30572 
5  0.085417 -1.0297 0.90773 -0.00040913 0.30662 
6  0.081416 -1.0524 0.90935 -0.011119 0.30439 
7  0.078616 -1.0689 0.91086 0.0029588 0.30683 
8  0.079816 -1.0618 0.91036 0.0062654 0.30790 
9  0.097019 -0.96882 0.90158 -0.050453 0.29860 
10  0.092819 -0.99006 0.90386 -0.039711 0.30095 
11  0.088618 -1.0122 0.90634 -0.0035728 0.30656 
12  0.080216 -1.0594 0.90987 0.0034945 0.30756 
13  0.090218 -1.0036 0.90490 -0.0072855 0.30574 
14  0.083017 -1.0432 0.90828 0.0040021 0.30758 
15  0.099820 -0.95511 0.90018 -0.064767 0.29716 
16  0.085617 -1.0286 0.90727 0.0034837 0.30752 
17  0.089218 -1.0090 0.90544 0.0060568 0.30810 
18  0.087618 -1.0176 0.90677 0.010111 0.30867 
19  0.096819 -0.96981 0.90238 -0.029232 0.30285 
20  0.096819 -0.96981 0.90238 0.050718 0.31590 
21  0.093419 -0.98697 0.90338 0.045399 0.31482 
22  0.088818 -1.0111 0.90591 0.044329 0.31447 
23  0.091618 -0.99629 0.90436 0.043127 0.31426 
24  0.096619 -0.97081 0.90258 -0.029005 0.30245 
25  0.095819 -0.97480 0.90285 -0.030796 0.30251 
