    prob  log10(PO)   qval  alpha  fst
1  0.0776155 -1.07496 0.911082 -0.0045970 0.31434 
2  0.087017 -1.0209 0.90729 -0.031702 0.31067 
3  0.081816 -1.0501 0.90927 -0.0054614 0.31443 
4  0.072214 -1.1088 0.91361 -0.0086814 0.31391 
5  0.078416 -1.0701 0.91021 -0.0087086 0.31389 
6  0.075015 -1.0910 0.91272 -0.014029 0.31263 
7  0.076615 -1.0811 0.91190 0.0099196 0.31694 
8  0.086817 -1.0220 0.90788 -0.00091353 0.31589 
9  0.089418 -1.0079 0.90595 -0.043643 0.30814 
10  0.096419 -0.97180 0.90188 -0.042309 0.30912 
11  0.095419 -0.97681 0.90278 -0.025576 0.31193 
12  0.085817 -1.0275 0.90845 0.043074 0.32318 
13  0.091218 -0.99838 0.90518 0.045828 0.32375 
14  0.099820 -0.95511 0.90018 0.050815 0.32496 
15  0.094419 -0.98187 0.90348 0.044243 0.32370 
16  0.089018 -1.0100 0.90658 -0.031402 0.31070 
17  0.091618 -0.99629 0.90446 -0.027082 0.31170 
