beta  ances 
0.325 0.422
0.323 0.429
0.319 0.433
0.325 0.431
0.325 0.434
0.326 0.439
0.324 0.438
0.324 0.438
0.322 0.438
0.323 0.439
0.323 0.440
0.323 0.441
0.322 0.441
0.322 0.439
0.322 0.439
0.322 0.439
0.322 0.439
0.322 0.440
0.323 0.441
0.322 0.442
0.322 0.441
0.323 0.441
0.324 0.440
0.324 0.441
0.324 0.440
0.324 0.440
0.324 0.440
0.324 0.440
0.325 0.440
0.324 0.440
0.324 0.439
0.325 0.440
0.324 0.440
0.324 0.440
0.324 0.440
0.324 0.440
0.324 0.440
0.323 0.440
0.324 0.439
0.324 0.439
0.323 0.440
0.323 0.439
0.323 0.439
0.323 0.439
0.323 0.439
0.322 0.440
0.322 0.439
0.322 0.439
0.322 0.439
