beta  ances 
0.353 0.445
0.348 0.442
0.346 0.440
0.346 0.442
0.342 0.444
0.342 0.445
0.341 0.447
0.342 0.449
0.340 0.447
0.340 0.448
0.342 0.449
0.341 0.449
0.342 0.450
0.344 0.451
0.343 0.449
0.343 0.448
0.343 0.448
0.344 0.447
0.345 0.447
0.345 0.447
0.345 0.446
0.345 0.446
0.345 0.446
0.345 0.445
0.345 0.446
0.345 0.445
0.344 0.446
0.345 0.446
0.343 0.445
0.344 0.445
0.344 0.446
0.344 0.446
0.343 0.446
0.344 0.446
0.344 0.446
0.344 0.447
0.345 0.447
0.345 0.446
0.344 0.447
0.344 0.447
0.344 0.447
0.344 0.447
0.344 0.447
0.345 0.447
0.345 0.447
0.345 0.447
0.345 0.447
0.345 0.447
0.345 0.447
