beta  ances 
0.365 0.750
0.363 0.754
0.360 0.754
0.360 0.757
0.361 0.753
0.360 0.752
0.361 0.751
0.361 0.753
0.362 0.753
0.362 0.754
0.361 0.754
0.360 0.753
0.361 0.752
0.362 0.753
0.363 0.752
0.364 0.752
0.365 0.751
0.363 0.751
0.363 0.751
0.362 0.750
0.362 0.749
0.362 0.749
0.361 0.749
0.361 0.749
0.363 0.748
0.362 0.749
0.362 0.749
0.362 0.749
0.362 0.749
0.361 0.749
0.361 0.749
0.361 0.748
0.361 0.748
0.361 0.748
0.361 0.747
0.361 0.747
0.361 0.747
0.361 0.747
0.361 0.747
0.361 0.748
0.360 0.748
0.361 0.748
0.360 0.747
0.361 0.747
0.361 0.747
0.361 0.747
0.361 0.748
0.360 0.748
0.360 0.748
