beta  ances 
0.371 0.739
0.366 0.737
0.368 0.741
0.369 0.745
0.364 0.749
0.364 0.751
0.365 0.752
0.365 0.751
0.363 0.752
0.364 0.751
0.364 0.751
0.364 0.751
0.364 0.751
0.364 0.752
0.364 0.752
0.364 0.753
0.364 0.752
0.364 0.752
0.363 0.752
0.363 0.752
0.362 0.751
0.362 0.750
0.362 0.749
0.362 0.748
0.362 0.748
0.361 0.748
0.361 0.748
0.361 0.748
0.361 0.749
0.361 0.749
0.362 0.749
0.362 0.749
0.362 0.749
0.363 0.749
0.363 0.749
0.363 0.748
0.363 0.748
0.364 0.749
0.364 0.748
0.364 0.748
0.364 0.748
0.364 0.748
0.364 0.748
0.364 0.748
0.364 0.748
0.364 0.748
0.364 0.748
0.364 0.748
0.364 0.749
