    prob  log10(PO)   qval  alpha  fst
1  0.0890178 -1.01003 0.905152 -0.0080233 0.075515 
2  0.081616 -1.0512 0.90911 -0.00084401 0.075713 
3  0.095219 -0.97782 0.89588 0.018854 0.078130 
4  0.095419 -0.97681 0.89539 0.0098714 0.077067 
5  0.091618 -0.99629 0.90297 0.0076936 0.076847 
6  0.081616 -1.0512 0.90911 -0.021017 0.074107 
7  0.093219 -0.98800 0.90016 -0.024461 0.073864 
8  0.082016 -1.0489 0.90890 -0.025679 0.073710 
9  0.084817 -1.0330 0.90793 -0.032686 0.073240 
10  0.088818 -1.0111 0.90545 -0.010240 0.075111 
11  0.088618 -1.0122 0.90574 -0.0078328 0.075412 
12  0.085017 -1.0319 0.90787 -0.026365 0.073755 
13  0.090818 -1.0005 0.90358 -0.022536 0.074082 
14  0.089818 -1.0058 0.90450 -0.020606 0.074131 
15  0.082216 -1.0478 0.90883 -0.011098 0.074646 
16  0.083017 -1.0432 0.90869 -0.017128 0.074160 
17  0.083617 -1.0398 0.90844 -0.0032300 0.075477 
18  0.085217 -1.0308 0.90769 -0.0089133 0.075261 
19  0.085617 -1.0286 0.90743 -0.0039735 0.075700 
20  0.091618 -0.99629 0.90297 -0.0097367 0.075601 
21  0.097219 -0.96783 0.88972 -0.014304 0.074896 
22  0.091818 -0.99524 0.90239 -0.020220 0.074428 
23  0.091618 -0.99629 0.90297 -0.018342 0.074572 
24  0.083417 -1.0409 0.90856 -0.010603 0.074885 
25  0.091218 -0.99838 0.90338 -0.0026478 0.075596 
26  0.092218 -0.99316 0.90186 -0.010207 0.075290 
27  0.085617 -1.0286 0.90743 -0.019439 0.074307 
28  0.089818 -1.0058 0.90450 -0.0067960 0.075832 
29  0.088818 -1.0111 0.90545 -0.0032501 0.075884 
30  0.091418 -0.99733 0.90307 -0.0033576 0.075677 
31  0.092218 -0.99316 0.90186 -0.00058005 0.076136 
32  0.091218 -0.99838 0.90338 -0.0072810 0.075824 
33  0.090418 -1.0026 0.90396 -0.00037921 0.075994 
34  0.094819 -0.97984 0.89715 -0.0067875 0.075589 
35  0.087217 -1.0198 0.90668 -0.0023942 0.075609 
36  0.091618 -0.99629 0.90297 0.0024940 0.076421 
37  0.096219 -0.97280 0.89089 0.0087442 0.076759 
38  0.092218 -0.99316 0.90186 0.0044131 0.076506 
39  0.087417 -1.0187 0.90661 -0.0059057 0.075555 
40  0.089818 -1.0058 0.90450 -0.010932 0.075293 
41  0.088418 -1.0133 0.90580 0.00020129 0.075918 
42  0.085017 -1.0319 0.90787 -0.0050958 0.075690 
43  0.085017 -1.0319 0.90787 -0.018057 0.074405 
44  0.095819 -0.97480 0.89279 -0.014193 0.074755 
45  0.094019 -0.98390 0.89847 0.0056525 0.076691 
46  0.084617 -1.0341 0.90806 -0.011511 0.075028 
47  0.086017 -1.0264 0.90723 0.0055272 0.076629 
48  0.093619 -0.98595 0.89951 0.0081369 0.076824 
49  0.088018 -1.0154 0.90601 -0.024370 0.073883 
50  0.080216 -1.0594 0.90932 -0.026300 0.073624 
51  0.087417 -1.0187 0.90661 -0.0089035 0.075499 
52  0.087017 -1.0209 0.90692 -0.0032004 0.075645 
53  0.092218 -0.99316 0.90186 -0.018001 0.074640 
54  0.084017 -1.0375 0.90831 -0.0062764 0.075683 
55  0.095419 -0.97681 0.89539 -0.014443 0.075025 
56  0.094019 -0.98390 0.89847 -0.0085686 0.075315 
57  0.079016 -1.0665 0.90957 -0.0094487 0.074921 
58  0.084417 -1.0353 0.90812 -0.0058274 0.075279 
59  0.093819 -0.98493 0.89927 -0.0086013 0.075413 
60  0.084017 -1.0375 0.90831 -0.0050554 0.075512 
61  0.089218 -1.0090 0.90499 -0.0043787 0.075724 
62  0.086617 -1.0230 0.90704 0.00053543 0.076081 
63  0.089618 -1.0068 0.90475 -0.00029132 0.075970 
64  0.082216 -1.0478 0.90883 0.00081108 0.075899 
65  0.093019 -0.98903 0.90073 -0.0082561 0.075460 
66  0.086817 -1.0220 0.90698 -0.0017289 0.075727 
67  0.091618 -0.99629 0.90297 -0.010797 0.075289 
68  0.090218 -1.0036 0.90405 -0.013213 0.074742 
69  0.090018 -1.0047 0.90415 -0.019846 0.074338 
70  0.093819 -0.98493 0.89927 -0.0045220 0.075748 
71  0.093819 -0.98493 0.89927 -0.019290 0.074741 
72  0.087017 -1.0209 0.90692 -0.013553 0.074765 
73  0.085217 -1.0308 0.90769 -0.0081439 0.075271 
74  0.089818 -1.0058 0.90450 -0.00070215 0.076043 
75  0.094819 -0.97984 0.89715 -0.0058185 0.075689 
76  0.087818 -1.0165 0.90615 -0.00098405 0.076008 
77  0.087618 -1.0176 0.90622 -0.0048591 0.075814 
78  0.091218 -0.99838 0.90338 -0.0052710 0.075647 
79  0.088818 -1.0111 0.90545 -0.0028025 0.075894 
80  0.090818 -1.0005 0.90358 -0.0088861 0.075534 
81  0.087017 -1.0209 0.90692 -0.011397 0.075262 
82  0.081816 -1.0501 0.90897 -0.0046045 0.075595 
83  0.092819 -0.99006 0.90090 -0.0062136 0.075695 
84  0.083417 -1.0409 0.90856 -0.015230 0.074488 
85  0.088618 -1.0122 0.90574 -0.018305 0.074505 
86  0.087417 -1.0187 0.90661 -0.010077 0.074951 
87  0.079016 -1.0665 0.90957 -0.017362 0.074437 
88  0.078416 -1.0701 0.90965 -0.014603 0.074575 
89  0.098420 -0.96192 0.88842 -0.0046185 0.076172 
90  0.095819 -0.97480 0.89279 0.0016081 0.076200 
91  0.087417 -1.0187 0.90661 -0.0011582 0.076012 
92  0.094819 -0.97984 0.89715 -0.0022413 0.076189 
93  0.095619 -0.97581 0.89424 -0.027225 0.074116 
94  0.093019 -0.98903 0.90073 -0.012329 0.074890 
95  0.088618 -1.0122 0.90574 -0.020258 0.074375 
96  0.081216 -1.0536 0.90925 -0.024959 0.073827 
97  0.092018 -0.99420 0.90213 -0.010844 0.075068 
98  0.083217 -1.0421 0.90863 -0.012935 0.075048 
99  0.10282 -0.94080 0.88071 0.011264 0.077404 
100  0.081416 -1.0524 0.90918 -0.014663 0.074602 
101  0.087818 -1.0165 0.90615 -0.0012946 0.075983 
102  0.083617 -1.0398 0.90844 -0.0076485 0.075004 
103  0.092018 -0.99420 0.90213 0.0053687 0.076541 
104  0.086417 -1.0241 0.90711 -0.018816 0.074274 
105  0.085617 -1.0286 0.90743 -0.018478 0.074369 
106  0.099020 -0.95899 0.88696 -0.0082269 0.075812 
107  0.094419 -0.98187 0.89785 0.0037845 0.076407 
108  0.079016 -1.0665 0.90957 -0.017252 0.074648 
109  0.093219 -0.98800 0.90016 -0.0049628 0.075774 
110  0.088218 -1.0143 0.90587 0.014284 0.077059 
111  0.089618 -1.0068 0.90475 -0.0035317 0.075738 
112  0.093019 -0.98903 0.90073 0.0053229 0.076434 
113  0.092418 -0.99213 0.90108 0.0010057 0.076441 
114  0.086217 -1.0252 0.90717 -0.012939 0.074702 
115  0.088818 -1.0111 0.90545 -0.0074471 0.075512 
116  0.087417 -1.0187 0.90661 -0.0017782 0.075848 
117  0.087017 -1.0209 0.90692 -0.0068977 0.075356 
118  0.085417 -1.0297 0.90749 -0.0099699 0.075162 
119  0.092218 -0.99316 0.90186 -0.0063421 0.075676 
120  0.087417 -1.0187 0.90661 0.0061891 0.076508 
121  0.084217 -1.0364 0.90818 -0.0075879 0.075416 
122  0.093419 -0.98697 0.89973 -0.0080459 0.075457 
123  0.088018 -1.0154 0.90601 -0.0054391 0.075649 
124  0.090418 -1.0026 0.90396 -0.020491 0.074359 
125  0.095619 -0.97581 0.89424 -0.0016036 0.076262 
126  0.077616 -1.0750 0.90974 -0.0093686 0.075032 
127  0.085217 -1.0308 0.90769 -0.014766 0.074804 
128  0.089618 -1.0068 0.90475 -0.0066835 0.075388 
129  0.090618 -1.0015 0.90368 -0.0072474 0.075343 
130  0.094619 -0.98085 0.89751 -0.013203 0.075174 
131  0.084617 -1.0341 0.90806 -0.0071232 0.075410 
132  0.10122 -0.94839 0.88520 0.051485 0.080380 
133  0.13303 -0.81407 0.86317 0.11130 0.087608 
134  0.10502 -0.93054 0.87742 0.048240 0.080424 
135  0.14063 -0.78611 0.85937 0.12581 0.089593 
136  0.10142 -0.94743 0.88326 0.051102 0.080582 
137  0.089218 -1.0090 0.90499 -0.0012801 0.075927 
138  0.090418 -1.0026 0.90396 0.0024682 0.076119 
139  0.12883 -0.83010 0.86584 0.10786 0.087381 
140  0.091818 -0.99524 0.90239 -0.0059714 0.075397 
141  0.10542 -0.92869 0.87302 0.044241 0.080749 
142  0.089218 -1.0090 0.90499 -0.012522 0.074780 
143  0.088618 -1.0122 0.90574 -0.0050217 0.075615 
144  0.089018 -1.0100 0.90515 -0.0051748 0.075625 
