    prob  log10(PO)   qval  alpha  fst
1  0.0896179 -1.00683 0.904685 -0.0034442 0.076330 
2  0.092418 -0.99213 0.89925 -0.00029567 0.076591 
3  0.091418 -0.99733 0.90107 0.015862 0.078341 
4  0.091018 -0.99943 0.90211 0.010307 0.077506 
5  0.088418 -1.0133 0.90558 0.010114 0.077565 
6  0.081416 -1.0524 0.90932 -0.017901 0.074872 
7  0.079616 -1.0630 0.90983 -0.026083 0.074361 
8  0.087217 -1.0198 0.90666 -0.033107 0.074180 
9  0.089618 -1.0068 0.90469 -0.036201 0.074098 
10  0.092018 -0.99420 0.90024 -0.011167 0.075756 
11  0.093219 -0.98800 0.89728 -0.0045745 0.076271 
12  0.089818 -1.0058 0.90413 -0.023142 0.074554 
13  0.086017 -1.0264 0.90748 -0.022338 0.074538 
14  0.085017 -1.0319 0.90803 -0.023055 0.074629 
15  0.080216 -1.0594 0.90975 -0.019344 0.074587 
16  0.089818 -1.0058 0.90413 -0.011503 0.075770 
17  0.085817 -1.0275 0.90772 -0.0034429 0.076390 
18  0.098620 -0.96094 0.88594 -0.010573 0.076265 
19  0.089618 -1.0068 0.90469 -0.0068907 0.076081 
20  0.098020 -0.96388 0.88861 -0.0095037 0.076072 
21  0.085817 -1.0275 0.90772 -0.014400 0.075282 
22  0.080816 -1.0559 0.90953 -0.0081782 0.075657 
23  0.089018 -1.0100 0.90526 -0.016301 0.075558 
24  0.090618 -1.0015 0.90270 -0.015417 0.075249 
25  0.089818 -1.0058 0.90413 -0.0044279 0.076401 
26  0.088818 -1.0111 0.90534 -0.012791 0.075749 
27  0.091018 -0.99943 0.90211 -0.020234 0.074954 
28  0.088218 -1.0143 0.90581 0.00011729 0.076779 
29  0.088418 -1.0133 0.90558 -0.0088244 0.076391 
30  0.083217 -1.0421 0.90885 -0.0080088 0.076171 
31  0.085817 -1.0275 0.90772 0.0019758 0.076957 
32  0.086817 -1.0220 0.90717 -0.0077825 0.075980 
33  0.085617 -1.0286 0.90778 -0.0079029 0.076245 
34  0.088418 -1.0133 0.90558 -0.0054115 0.076373 
35  0.090418 -1.0026 0.90310 -0.0053359 0.076264 
36  0.090818 -1.0005 0.90241 -0.0071547 0.076007 
37  0.081016 -1.0547 0.90946 0.0098051 0.077445 
38  0.093219 -0.98800 0.89728 0.0017638 0.076960 
39  0.090818 -1.0005 0.90241 0.0042378 0.077292 
40  0.083217 -1.0421 0.90885 -0.0033221 0.076305 
41  0.089418 -1.0079 0.90494 9.4182e-05 0.076492 
42  0.089418 -1.0079 0.90494 -0.0040160 0.076382 
43  0.089418 -1.0079 0.90494 -0.015653 0.075600 
44  0.091818 -0.99524 0.90067 -0.013002 0.075578 
45  0.090218 -1.0036 0.90334 0.0023005 0.077297 
46  0.089618 -1.0068 0.90469 -0.0074596 0.076021 
47  0.083017 -1.0432 0.90891 -0.0013415 0.076606 
48  0.088218 -1.0143 0.90581 0.0088230 0.077534 
49  0.091218 -0.99838 0.90162 -0.016548 0.075174 
50  0.085217 -1.0308 0.90791 -0.016749 0.074848 
51  0.084017 -1.0375 0.90840 -0.016321 0.075333 
52  0.084817 -1.0330 0.90821 -0.0095353 0.075569 
53  0.087618 -1.0176 0.90617 -0.011392 0.075588 
54  0.083817 -1.0387 0.90853 -0.0074250 0.076028 
55  0.089818 -1.0058 0.90413 -0.0067779 0.075937 
56  0.082617 -1.0455 0.90898 -0.014864 0.075471 
57  0.083217 -1.0421 0.90885 -0.0037552 0.076136 
58  0.089818 -1.0058 0.90413 -0.0081488 0.076347 
59  0.087417 -1.0187 0.90646 -0.0026591 0.076466 
60  0.085217 -1.0308 0.90791 -0.0061774 0.076203 
61  0.087417 -1.0187 0.90646 -0.0013172 0.076465 
62  0.091018 -0.99943 0.90211 -0.0031049 0.076600 
63  0.091418 -0.99733 0.90107 0.0037076 0.076991 
64  0.087217 -1.0198 0.90666 -0.0051774 0.076145 
65  0.092619 -0.99109 0.89836 -0.015741 0.075667 
66  0.097620 -0.96585 0.88967 -0.0028827 0.076446 
67  0.086817 -1.0220 0.90717 -0.021553 0.074959 
68  0.079216 -1.0653 0.90998 -0.013270 0.075248 
69  0.081816 -1.0501 0.90911 -0.014756 0.075149 
70  0.092218 -0.99316 0.89977 -0.0061585 0.076472 
71  0.083217 -1.0421 0.90885 -0.0085963 0.075870 
72  0.091818 -0.99524 0.90067 -0.0084407 0.075970 
73  0.083417 -1.0409 0.90859 -0.0079452 0.075954 
74  0.089218 -1.0090 0.90518 -0.00085120 0.076636 
75  0.092619 -0.99109 0.89836 -0.0091311 0.076159 
76  0.087818 -1.0165 0.90610 -0.00050630 0.076561 
77  0.079416 -1.0642 0.90990 -0.0059866 0.075926 
78  0.085817 -1.0275 0.90772 -0.0093778 0.076050 
79  0.087017 -1.0209 0.90686 -0.0067263 0.076138 
80  0.095619 -0.97581 0.89239 -0.0084447 0.076312 
81  0.092418 -0.99213 0.89925 0.00021518 0.076970 
82  0.089618 -1.0068 0.90469 -0.0058028 0.076247 
83  0.089218 -1.0090 0.90518 -0.0072909 0.075941 
84  0.088218 -1.0143 0.90581 -0.012509 0.075502 
85  0.089218 -1.0090 0.90518 -0.020962 0.074901 
86  0.087017 -1.0209 0.90686 -0.010513 0.075628 
87  0.087217 -1.0198 0.90666 -0.018374 0.075013 
88  0.081416 -1.0524 0.90932 -0.0086222 0.075929 
89  0.094419 -0.98187 0.89496 -0.0022513 0.076833 
90  0.094819 -0.97984 0.89378 0.0036033 0.077075 
91  0.087417 -1.0187 0.90646 -0.0013897 0.076823 
92  0.086217 -1.0252 0.90742 -0.0099032 0.076103 
93  0.080216 -1.0594 0.90975 -0.022943 0.074686 
94  0.090618 -1.0015 0.90270 -0.014872 0.075473 
95  0.091218 -0.99838 0.90162 -0.025236 0.074618 
96  0.089618 -1.0068 0.90469 -0.015348 0.075390 
97  0.091218 -0.99838 0.90162 -0.016704 0.075376 
98  0.089818 -1.0058 0.90413 -0.0088886 0.076030 
99  0.086417 -1.0241 0.90736 0.0064852 0.077209 
100  0.084617 -1.0341 0.90827 -0.010308 0.075685 
101  0.092418 -0.99213 0.89925 -0.0029138 0.076676 
102  0.093619 -0.98595 0.89600 -0.012169 0.075819 
103  0.10082 -0.95030 0.88422 -0.0087563 0.076303 
104  0.088018 -1.0154 0.90595 -0.013258 0.075504 
105  0.092018 -0.99420 0.90024 -0.026230 0.074658 
106  0.086817 -1.0220 0.90717 -0.0018438 0.076519 
107  0.096019 -0.97380 0.89069 0.0041526 0.077319 
108  0.087417 -1.0187 0.90646 -0.014188 0.075830 
109  0.085017 -1.0319 0.90803 -0.0021496 0.076180 
110  0.093619 -0.98595 0.89600 -0.0012120 0.076479 
111  0.095819 -0.97480 0.89159 0.0048515 0.077205 
112  0.086817 -1.0220 0.90717 0.0016982 0.076965 
113  0.098020 -0.96388 0.88861 0.0057766 0.077552 
114  0.090018 -1.0047 0.90346 -0.0089072 0.075791 
115  0.090218 -1.0036 0.90334 -0.0017514 0.076586 
116  0.081216 -1.0536 0.90939 -0.0067584 0.076120 
117  0.084817 -1.0330 0.90821 -0.0054905 0.076053 
118  0.087818 -1.0165 0.90610 -0.0057002 0.076130 
119  0.090418 -1.0026 0.90310 6.3320e-05 0.076735 
120  0.10222 -0.94363 0.87711 0.0032537 0.076967 
121  0.084017 -1.0375 0.90840 -0.0081922 0.075695 
122  0.092819 -0.99006 0.89766 -0.018737 0.075648 
123  0.093419 -0.98697 0.89646 -0.0014573 0.076450 
124  0.081616 -1.0512 0.90918 -0.017740 0.074886 
125  0.080216 -1.0594 0.90975 -0.010424 0.075609 
126  0.083817 -1.0387 0.90853 -0.00069317 0.076590 
127  0.082016 -1.0489 0.90904 -0.014246 0.075173 
128  0.086417 -1.0241 0.90736 -0.0049148 0.076164 
129  0.094419 -0.98187 0.89496 -0.0055908 0.076322 
130  0.084817 -1.0330 0.90821 -0.010892 0.075569 
131  0.088018 -1.0154 0.90595 0.0014389 0.076738 
132  0.10182 -0.94553 0.88235 0.050152 0.081219 
133  0.14083 -0.78539 0.85917 0.12112 0.089380 
134  0.10502 -0.93054 0.87297 0.049947 0.081038 
135  0.14083 -0.78539 0.85917 0.12433 0.090393 
136  0.10202 -0.94458 0.88009 0.050066 0.081332 
137  0.086817 -1.0220 0.90717 -0.011112 0.075778 
138  0.090418 -1.0026 0.90310 -0.0064947 0.076243 
139  0.13823 -0.79480 0.86004 0.13126 0.090558 
140  0.095419 -0.97681 0.89311 -0.0050041 0.076341 
141  0.11022 -0.90701 0.86747 0.060424 0.083403 
142  0.086617 -1.0230 0.90723 -0.017417 0.075084 
143  0.092218 -0.99316 0.89977 -0.0096359 0.076233 
144  0.087017 -1.0209 0.90686 -0.0078101 0.075946 
