    prob  log10(PO)   qval  alpha  fst
1  0.0884177 -1.01326 0.904759 0.0075264 0.12738 
2  0.092619 -0.99109 0.89922 0.013150 0.12837 
3  0.092819 -0.99006 0.89874 0.010421 0.12747 
4  0.089418 -1.0079 0.90371 -0.020440 0.12424 
5  0.088418 -1.0133 0.90476 -0.026240 0.12338 
6  0.098020 -0.96388 0.88926 -0.044787 0.12197 
7  0.098620 -0.96094 0.88714 -0.051958 0.12120 
8  0.096419 -0.97180 0.89236 -0.0088670 0.12589 
9  0.085817 -1.0275 0.90675 -0.00097332 0.12647 
10  0.087818 -1.0165 0.90547 -0.030739 0.12284 
11  0.084617 -1.0341 0.90739 -0.026412 0.12314 
12  0.082817 -1.0443 0.90834 -0.031440 0.12269 
13  0.086017 -1.0264 0.90660 -0.024690 0.12335 
14  0.088818 -1.0111 0.90394 -0.024391 0.12368 
15  0.084817 -1.0330 0.90723 -0.027741 0.12337 
16  0.090018 -1.0047 0.90247 -0.027369 0.12307 
17  0.097219 -0.96783 0.89095 -0.022095 0.12433 
18  0.091618 -0.99629 0.90048 -0.027835 0.12347 
19  0.088018 -1.0154 0.90513 -0.013862 0.12451 
20  0.081616 -1.0512 0.90851 0.0087520 0.12686 
21  0.083817 -1.0387 0.90771 -0.010240 0.12471 
22  0.093819 -0.98493 0.89699 0.0041701 0.12718 
23  0.087618 -1.0176 0.90580 -0.015798 0.12471 
24  0.090618 -1.0015 0.90187 -0.0015906 0.12611 
25  0.095619 -0.97581 0.89451 -0.0086043 0.12579 
26  0.082817 -1.0443 0.90834 -0.030935 0.12292 
27  0.093019 -0.98903 0.89822 -0.044124 0.12196 
28  0.087818 -1.0165 0.90547 -0.017605 0.12465 
29  0.086817 -1.0220 0.90612 -0.0017913 0.12609 
30  0.091818 -0.99524 0.90009 -0.022179 0.12404 
31  0.084817 -1.0330 0.90723 -0.025058 0.12337 
32  0.082817 -1.0443 0.90834 -0.033104 0.12275 
33  0.087017 -1.0209 0.90596 -0.023991 0.12380 
34  0.093819 -0.98493 0.89699 -0.034423 0.12280 
35  0.091218 -0.99838 0.90086 -0.020674 0.12438 
36  0.090618 -1.0015 0.90187 0.0033982 0.12680 
37  0.089618 -1.0068 0.90325 -0.0051497 0.12580 
38  0.087618 -1.0176 0.90580 -0.025053 0.12359 
39  0.093419 -0.98697 0.89763 -0.036673 0.12246 
40  0.089418 -1.0079 0.90371 -0.0045906 0.12579 
41  0.083817 -1.0387 0.90771 0.0043954 0.12675 
42  0.092418 -0.99213 0.89966 -0.023814 0.12414 
43  0.091018 -0.99943 0.90122 0.0034012 0.12656 
44  0.089818 -1.0058 0.90274 -0.0030095 0.12620 
45  0.099420 -0.95705 0.88430 0.0028868 0.12730 
46  0.086217 -1.0252 0.90644 0.010011 0.12804 
47  0.088418 -1.0133 0.90476 -0.0010215 0.12627 
48  0.088618 -1.0122 0.90416 -0.0015136 0.12574 
49  0.086417 -1.0241 0.90628 -0.022188 0.12371 
50  0.096019 -0.97380 0.89352 0.039877 0.13114 
51  0.13263 -0.81558 0.86737 0.10035 0.13964 
52  0.090018 -1.0047 0.90247 0.036811 0.13025 
53  0.11802 -0.87349 0.87624 0.082966 0.13712 
54  0.089618 -1.0068 0.90325 0.042831 0.13107 
55  0.083217 -1.0421 0.90787 0.0032112 0.12657 
56  0.094019 -0.98390 0.89546 0.0077113 0.12790 
57  0.12062 -0.86274 0.87337 0.095204 0.13875 
58  0.088018 -1.0154 0.90513 -0.00062449 0.12673 
59  0.10782 -0.91775 0.88023 0.052128 0.13371 
60  0.085217 -1.0308 0.90691 -0.017484 0.12424 
