    clusters_total filtered_by_depth filtered_by_maxH filtered_by_maxN reads_consens nsites nhetero heterozygosity
A03          21261             21150                0                0           111  15747     194        0.01232
B03          30171             30014                0                1           156  21229     275        0.01295
C03          20507             20413                0                0            94  12176     118        0.00969
D03          38498             38231                0                0           267  31480     373        0.01185
E02          36063             35745                0                0           318  37547     525        0.01398
E03          32407             32321                0                1            85  11574      95        0.00821
F02          28789             28717                0                1            71   9909      81        0.00817
F03          18113             18033                0                0            80  10812      91        0.00842
G02          21699             21626                0                0            73   9593      66        0.00688
G03          30495             30401                0                0            94  12842     132        0.01028
H02          17382             17315                0                0            67   9291      62        0.00667
H03          25859             25576                0                0           283  34091     513        0.01505