    clusters_total  hidepth_min clusters_hidepth avg_depth_total avg_depth_mj avg_depth_stat sd_depth_total sd_depth_mj sd_depth_stat filtered_bad_align
A03          44769          6.0             1928            2.21        15.52          15.52           6.16       25.97         25.97                  0
B03          40274          6.0             1480            2.07        15.36          15.36           4.98       21.63         21.63                  0
C03          46046          6.0             1880            2.13        15.31          15.31           5.77       24.76         24.76                 89
D03          32915          6.0              932            1.84        15.70          15.70           4.59       22.89         22.89                  0
E02          40317          6.0             1353            2.01        14.81          14.81           4.61       20.96         20.96                  0
E03          37890          6.0             1061            1.85        16.52          16.52           5.16       26.56         26.56                  0
F02          35532          6.0             1044            1.91        16.52          16.52           4.82       23.39         23.39                 58
F03          41100          6.0             1634            2.17        16.01          16.01           6.45       28.69         28.69                 62
G02          39297          6.0             1341            2.02        15.23          15.23           5.40       25.51         25.51                 40
G03          33152          6.0              943            1.87        15.51          15.51           4.67       23.44         23.44                 64
H02          36926          6.0             1212            1.94        14.55          14.55           4.71       22.12         22.12                  0
H03          44079          6.0             1991            2.22        14.33          14.33           5.56       22.59         22.59                  0