    clusters_total  hidepth_min clusters_hidepth avg_depth_total avg_depth_mj avg_depth_stat sd_depth_total sd_depth_mj sd_depth_stat filtered_bad_align
A03          20654          6.0             4412            3.32         9.40           9.40           4.58        6.77          6.77                  0
B03          29396          6.0             4844            2.85        10.28          10.28           4.40        6.84          6.84                  0
C03          20012          6.0             4008            3.15         9.32           9.32           4.19        5.89          5.89                 30
D03          37526          6.0             5728            2.84        11.56          11.56           5.20        9.16          9.16                  0
E02          34967          6.0             6069            3.13        11.54          11.54           5.19        8.12          8.12                  0
E03          31783          6.0             3537            2.31         8.80           8.80           3.14        5.69          5.69                  0
F02          28158          6.0             3059            2.35         8.72           8.72           2.97        5.09          5.09                 82
F03          17607          6.0             3040            2.99         9.09           9.09           4.20        7.04          7.04                 54
G02          21159          6.0             3086            2.70         9.03           9.03           3.58        5.75          5.75                 54
G03          29722          6.0             3533            2.38         9.38           9.38           3.74        7.41          7.41                 94
H02          16964          6.0             2700            2.97         8.57           8.57           3.58        5.84          5.84                  0
H03          25128          6.0             6050            3.84        11.59          11.59           5.92        7.97          7.97                  0