    clusters_total filtered_by_depth filtered_by_maxH filtered_by_maxN reads_consens nsites nhetero heterozygosity
A03          20654             16242               19               11          4382 505604    2030        0.00401
B03          29396             24552               16               20          4808 556647    2091        0.00376
C03          20012             16004               11                9          3988 450413    1591        0.00353
D03          37526             31798               24               18          5686 679476    1715        0.00252
E02          34967             28898               29               25          6015 711902    2138        0.00300
E03          31783             28246               17               16          3504 395743    1407        0.00356
F02          28158             25099               11               10          3038 341757    1664        0.00487
F03          17607             14567               12                5          3023 339902    1604        0.00472
G02          21159             18073               14                6          3066 343204    1574        0.00459
G03          29722             26189                6               11          3516 400907    1704        0.00425
H02          16964             14264                7                7          2686 300948    1629        0.00541
H03          25128             19078               22               10          6018 706606    1895        0.00268