    clusters_total  hidepth_min clusters_hidepth avg_depth_total avg_depth_mj avg_depth_stat sd_depth_total sd_depth_mj sd_depth_stat filtered_bad_align
A03          21261         20.0              111            3.27        39.20          39.20           4.56       26.78         26.78                  0
B03          30171         20.0              157            2.81        35.02          35.02           4.30       22.19         22.19                  0
C03          20507         20.0               94            3.11        36.61          36.61           4.12       20.77         20.77                 21
D03          38498         20.0              267            2.81        36.11          36.11           5.15       30.98         30.98                  0
E02          36063         20.0              318            3.07        31.85          31.85           5.08       24.31         24.31                  0
E03          32407         20.0               86            2.28        34.47          34.47           3.08       20.07         20.07                  0
F02          28789         20.0               72            2.32        32.60          32.60           2.90       15.17         15.17                 60
F03          18113         20.0               80            2.94        40.94          40.94           4.11       24.69         24.69                 39
G02          21699         20.0               73            2.66        35.53          35.53           3.51       19.92         19.92                 37
G03          30495         20.0               94            2.34        41.81          41.81           3.67       26.97         26.97                 70
H02          17382         20.0               67            2.93        37.07          37.07           3.52       18.43         18.43                  0
H03          25859         20.0              283            3.77        33.92          33.92           5.81       24.11         24.11                  0