    clusters_total  hidepth_min clusters_hidepth avg_depth_total avg_depth_mj avg_depth_stat sd_depth_total sd_depth_mj sd_depth_stat filtered_bad_align
A03          56187         20.0              254            1.97        51.95          51.95           5.20       54.40         54.40                  0
B03          50575         20.0              178            1.81        46.47          46.47           3.69       36.09         36.09                  0
C03          56387         20.0              247            1.88        47.89          47.89           4.85       52.28         52.28                 13
D03          40187         20.0              117            1.63        50.20          50.20           3.98       50.58         50.58                  0
E02          49944         20.0              147            1.76        47.01          47.01           3.60       41.94         41.94                  0
E03          46207         20.0              140            1.62        48.44          48.44           3.98       50.29         50.29                  0
F02          43783         20.0              131            1.67        47.16          47.16           3.53       39.24         39.24                 12
F03          50828         20.0              188            1.88        52.38          52.38           4.89       57.79         57.79                 17
G02          48184         20.0              158            1.79        52.05          52.05           4.47       54.75         54.75                 21
G03          40800         20.0              119            1.64        48.99          48.99           3.96       51.44         51.44                 17
H02          44960         20.0              140            1.72        48.64          48.64           3.82       44.03         44.03                  0
H03          55251         20.0              218            1.96        49.78          49.78           4.76       53.58         53.58                  0